5000 sample
=========

250
===
[20, 19, 16, 3, 25, 12, 7, 3, 14, 16, 11, 18, 3, 12, 16, 18, 6, 4, 18, 10, 20, 17, 21, 8, 2, 18, 21, 7, 18, 19, 11, 17, 2, 5, 11, 6, 7, 18, 13, 8, 4, 7, 4, 33, 3, 15, 12, 1, 3, 2, 19, 13, 10, 7, 16, 10, 8, 8, 11, 11, 6, 4, 9, 20, 4, 5, 19, 19, 12, 9, 11, 10, 12, 5, 3, 9, 11, 21, 1, 6, 19, 9, 8, 28, 11, 23, 2, 7, 12, 3, 13, 10, 10, 9, 10, 10, 9, 16, 22, 1, 15, 10, 5, 8, 11, 7, 2, 13, 28, 22, 2, 3, 0, 1, 20, 9, 20, 18, 11, 12, 12, 16, 15, 13, 8, 10, 11, 12, 7, 14, 16, 18, 11, 11, 11, 15, 2, 9, 20, 1, 2, 0, 3, 13, 3, 3, 9, 4, 14, 18, 1, 7, 13, 14, 16, 21, 7, 2, 7, 8, 6, 0, 11, 3, 14, 8, 9, 18, 13, 2, 13, 24, 10, 11, 16, 23, 10, 16, 7, 12, 9, 16, 16, 21, 10, 2, 16, 8, 6, 8, 18, 13, 3, 4, 12, 6, 12, 10, 12, 22, 14, 3, 20, 27, 19, 10, 1, 16, 4, 18, 2, 11, 0, 16, 12, 16, 6, 
18, 18, 13, 17, 12, 6, 2, 8, 5, 9, 6, 2, 5, 8, 2, 8, 2, 8, 6, 3, 2, 4, 10, 9, 10, 12, 10, 11, 1, 9, 13, 3, 15, 17, 9, 10, 16, 5, 5, 8, 11, 17, 9, 11, 0, 4]

400
====
[17, 19, 12, 2, 27, 18, 3, 4, 15, 16, 13, 3, 3, 10, 14, 16, 5, 4, 10, 12, 8, 17, 19, 2, 7, 12, 22, 12, 15, 19, 9, 11, 5, 1, 10, 11, 6, 19, 14, 4, 6, 9, 5, 29, 6, 23, 17, 3, 4, 2, 21, 8, 8, 7, 11, 10, 18, 13, 7, 22, 4, 2, 10, 18, 5, 5, 16, 1, 3, 12, 21, 8, 13, 8, 3, 13, 11, 13, 2, 6, 19, 7, 7, 43, 11, 17, 8, 6, 13, 1, 13, 11, 9, 10, 12, 10, 4, 15, 25, 1, 14, 6, 8, 10, 8, 9, 1, 12, 25, 22, 10, 4, 10, 0, 14, 7, 21, 16, 9, 9, 14, 18, 12, 15, 7, 16, 11, 22, 6, 29, 11, 18, 11, 11, 13, 15, 2, 12, 20, 4, 3, 2, 1, 0, 8, 3, 5, 0, 15, 19, 4, 8, 19, 13, 12, 21, 7, 3, 14, 8, 1, 7, 5, 1, 4, 5, 8, 9, 8, 3, 13, 18, 4, 14, 17, 22, 9, 15, 6, 11, 7, 13, 12, 18, 14, 1, 17, 8, 8, 9, 17, 15, 4, 8, 2, 10, 11, 5, 7, 14, 20, 3, 20, 29, 17, 13, 8, 14, 4, 16, 3, 9, 3, 23, 16, 10, 14, 18, 20, 9, 
13, 16, 8, 6, 5, 4, 9, 10, 1, 19, 3, 3, 2, 1, 8, 5, 5, 3, 3, 14, 13, 21, 8, 8, 13, 20, 8, 14, 1, 14, 17, 17, 10, 15, 4, 3, 5, 11, 18, 9, 8, 5, 4]

[14, 22, 13, 2, 22, 16, 3, 4, 11, 16, 15, 3, 10, 18, 15, 17, 6, 15, 19, 14, 15, 16, 24, 5, 7, 11, 20, 14, 17, 22, 12, 17, 6, 14, 9, 11, 7, 21, 11, 4, 4, 6, 5, 29, 6, 22, 17, 3, 4, 6, 22, 8, 10, 8, 18, 7, 7, 13, 11, 22, 4, 5, 10, 18, 5, 8, 14, 1, 3, 12, 21, 11, 15, 3, 3, 13, 9, 27, 2, 2, 19, 7, 7, 30, 12, 22, 3, 9, 13, 0, 14, 11, 9, 10, 12, 10, 5, 15, 25, 1, 17, 15, 16, 14, 3, 7, 0, 19, 24, 26, 11, 2, 10, 0, 14, 7, 20, 16, 9, 17, 13, 17, 15, 14, 0, 9, 24, 16, 5, 14, 16, 18, 10, 11, 13, 13, 8, 7, 20, 3, 2, 7, 1, 2, 2, 4, 5, 0, 10, 19, 4, 8, 13, 13, 9, 16, 4, 2, 5, 8, 0, 3, 2, 1, 14, 5, 14, 7, 9, 3, 10, 15, 10, 19, 16, 22, 9, 13, 6, 13, 7, 8, 12, 17, 14, 2, 19, 10, 6, 6, 17, 12, 4, 10, 4, 8, 13, 5, 9, 18, 20, 1, 20, 29, 18, 12, 5, 14, 4, 15, 2, 10, 13, 22, 15, 14, 14, 18, 
20, 9, 17, 16, 10, 6, 9, 4, 15, 13, 3, 2, 5, 3, 2, 1, 8, 5, 5, 4, 1, 10, 13, 21, 13, 8, 13, 2, 10, 14, 1, 15, 13, 10, 8, 15, 1, 4, 11, 12, 17, 9, 8, 5, 8]

600
===

[19, 18, 19, 4, 28, 15, 1, 8, 14, 16, 9, 6, 13, 10, 7, 12, 6, 12, 21, 15, 14, 15, 26, 6, 6, 13, 19, 14, 18, 20, 15, 4, 6, 12, 11, 6, 6, 20, 15, 8, 7, 8, 6, 30, 6, 17, 12, 9, 1, 5, 12, 10, 11, 7, 19, 8, 10, 20, 11, 11, 6, 9, 10, 17, 3, 5, 16, 19, 5, 6, 9, 11, 16, 20, 8, 12, 10, 12, 4, 5, 23, 7, 9, 27, 10, 21, 2, 6, 10, 1, 12, 14, 12, 10, 7, 8, 25, 15, 32, 0, 20, 3, 11, 8, 18, 8, 2, 20, 22, 13, 7, 3, 4, 5, 17, 5, 19, 21, 13, 11, 12, 17, 17, 15, 10, 9, 10, 8, 7, 14, 16, 19, 11, 12, 13, 10, 5, 7, 18, 2, 2, 1, 2, 1, 5, 6, 4, 3, 14, 18, 4, 7, 9, 20, 16, 15, 7, 4, 7, 9, 1, 7, 2, 1, 16, 4, 9, 4, 9, 3, 11, 17, 9, 13, 17, 16, 9, 18, 1, 6, 10, 11, 13, 28, 13, 0, 16, 9, 7, 7, 18, 12, 9, 9, 6, 2, 7, 7, 11, 15, 21, 2, 21, 30, 18, 19, 8, 15, 4, 36, 2, 11, 10, 17, 15, 16, 5, 20, 18, 15, 13,
 12, 13, 2, 2, 5, 10, 9, 2, 5, 5, 1, 1, 5, 10, 12, 6, 3, 0, 13, 20, 18, 10, 8, 15, 0, 7, 11, 6, 14, 16, 12, 10, 19, 1, 16, 6, 11, 18, 6, 5, 12, 3]
 
 [15, 19, 13, 3, 23, 15, 5, 3, 14, 16, 14, 18, 6, 13, 14, 17, 5, 12, 17, 12, 19, 15, 23, 8, 9, 13, 21, 13, 13, 18, 12, 18, 2, 6, 11, 8, 7, 19, 5, 1, 5, 9, 3, 27, 3, 19, 10, 2, 1, 9, 20, 7, 7, 8, 19, 10, 10, 15, 15, 16, 6, 8, 12, 18, 15, 6, 13, 0, 4, 9, 6, 14, 12, 7, 6, 7, 2, 8, 2, 1, 12, 9, 11, 28, 10, 25, 4, 3, 10, 0, 15, 10, 11, 12, 11, 11, 6, 16, 24, 1, 18, 8, 7, 5, 3, 8, 1, 15, 26, 24, 8, 5, 0, 5, 12, 8, 20, 17, 14, 9, 14, 7, 15, 13, 4, 3, 12, 10, 5, 14, 17, 19, 9, 6, 13, 11, 2, 6, 19, 0, 1, 3, 2, 7, 2, 4, 8, 5, 12, 13, 2, 7, 10, 22, 10, 27, 6, 7, 10, 26, 2, 1, 3, 0, 6, 3, 6, 3, 13, 1, 14, 28, 10, 10, 16, 20, 8, 11, 5, 14, 4, 10, 14, 18, 14, 3, 17, 7, 7, 8, 19, 12, 2, 3, 17, 0, 14, 6, 5, 4, 19, 3, 15, 30, 18, 12, 5, 15, 1, 19, 10, 13, 12, 15, 10, 14, 8, 18, 17, 19, 9, 14,
 7, 1, 3, 4, 10, 9, 4, 2, 5, 4, 5, 0, 16, 6, 3, 2, 3, 15, 9, 20, 13, 10, 20, 4, 6, 10, 7, 8, 19, 11, 17, 20, 4, 9, 8, 13, 15, 5, 1, 6, 3]
 
 
 1000 samples
 ============
 
 250
 ====
 [13, 17, 13, 9, 26, 16, 4, 4, 16, 16, 15, 5, 6, 4, 14, 14, 8, 11, 19, 12, 16, 22, 24, 6, 3, 15, 21, 13, 20, 17, 10, 22, 6, 6, 9, 15, 8, 20, 14, 6, 4, 7, 0, 30, 2, 19, 11, 1, 6, 1, 14, 11, 4, 6, 13, 8, 9, 15, 7, 8, 7, 14, 10, 19, 16, 6, 13, 4, 6, 10, 10, 11, 11, 7, 3, 11, 7, 11, 0, 5, 19, 13, 5, 38, 8, 20, 2, 5, 12, 0, 14, 12, 13, 7, 12, 3, 3, 16, 19, 2, 18, 10, 8, 2, 6, 7, 3, 19, 31, 23, 7, 2, 1, 5, 17, 6, 20, 23, 13, 4, 6, 17, 23, 14, 19, 3, 12, 5, 5, 15, 15, 18, 8, 11, 8, 10, 2, 8, 19, 3, 4, 1, 1, 2, 3, 2, 8, 1, 12, 24, 3, 8, 5, 17, 14, 20, 7, 3, 5, 7, 0, 2, 2, 18, 12, 3, 7, 6, 10, 0, 12, 18, 8, 11, 17, 19, 9, 11, 8, 17, 13, 11, 18, 20, 11, 1, 17, 14, 3, 15, 18, 6, 3, 1, 5, 4, 12, 6, 2, 13, 17, 2, 21, 29, 18, 14, 4, 9, 5, 15, 3, 10, 7, 22, 9, 14, 5, 17, 18, 14, 15, 10, 11, 2,
 4, 5, 8, 10, 1, 0, 8, 6, 1, 4, 14, 5, 1, 2, 4, 14, 9, 7, 11, 10, 15, 2, 7, 14, 8, 13, 21, 13, 4, 8, 13, 4, 11, 12, 14, 3, 3, 6, 7]
 
 400
 ===
 [19, 18, 19, 7, 27, 23, 2, 4, 17, 15, 15, 3, 7, 22, 16, 18, 4, 13, 19, 14, 13, 15, 24, 5, 14, 17, 20, 7, 20, 19, 14, 12, 6, 3, 10, 10, 6, 21, 11, 7, 3, 2, 3, 31, 3, 18, 3, 1, 8, 20, 17, 12, 8, 7, 17, 10, 12, 20, 20, 10, 9, 16, 9, 17, 6, 4, 11, 2, 6, 10, 12, 12, 4, 8, 10, 7, 9, 11, 2, 6, 21, 6, 7, 28, 11, 27, 5, 1, 12, 5, 12, 10, 10, 11, 12, 10, 11, 15, 32, 4, 19, 8, 12, 6, 7, 7, 18, 4, 25, 25, 11, 4, 4, 3, 12, 16, 15, 19, 9, 13, 12, 19, 15, 4, 9, 5, 12, 26, 9, 14, 16, 18, 12, 11, 13, 10, 0, 8, 18, 2, 0, 3, 3, 15, 2, 2, 5, 2, 17, 17, 6, 8, 17, 13, 9, 14, 7, 3, 7, 5, 0, 5, 0, 0, 9, 4, 9, 7, 14, 1, 13, 20, 9, 19, 18, 21, 8, 11, 7, 11, 8, 6, 11, 18, 11, 2, 16, 14, 8, 8, 18, 11, 5, 3, 7, 7, 10, 7, 5, 18, 19, 3, 15, 26, 18, 14, 7, 11, 5, 20, 2, 10, 15, 12, 16, 13, 4, 17, 18, 18, 14, 12,
 4, 4, 7, 4, 15, 11, 3, 2, 10, 5, 4, 2, 13, 9, 3, 3, 3, 12, 10, 19, 4, 6, 17, 4, 8, 9, 3, 9, 13, 13, 8, 12, 3, 4, 10, 11, 12, 6, 4, 7, 7]
 
 600
 ===
 [14, 19, 14, 4, 23, 23, 5, 3, 15, 16, 15, 18, 2, 18, 16, 11, 1, 16, 18, 18, 19, 14, 25, 2, 9, 8, 18, 15, 18, 17, 14, 15, 6, 10, 9, 7, 6, 18, 13, 7, 5, 7, 2, 39, 2, 21, 10, 0, 8, 1, 15, 7, 8, 7, 18, 10, 2, 13, 16, 9, 7, 6, 10, 19, 8, 10, 23, 2, 8, 10, 9, 11, 13, 6, 1, 12, 11, 10, 2, 7, 19, 6, 7, 23, 11, 17, 3, 3, 13, 1, 11, 9, 9, 11, 11, 11, 7, 14, 18, 1, 21, 6, 3, 12, 5, 8, 2, 22, 24, 23, 9, 7, 2, 1, 14, 8, 22, 23, 7, 4, 5, 18, 15, 13, 1, 7, 10, 12, 6, 14, 16, 19, 8, 14, 8, 11, 4, 1, 18, 1, 2, 0, 2, 3, 2, 4, 8, 0, 12, 15, 1, 4, 13, 17, 6, 17, 8, 5, 5, 10, 5, 1, 0, 2, 12, 7, 9, 18, 13, 1, 12, 25, 4, 20, 17, 23, 9, 9, 1, 11, 10, 10, 11, 13, 21, 2, 15, 12, 2, 13, 19, 12, 2, 6, 12, 8, 7, 5, 4, 18, 22, 3, 22, 34, 4, 19, 4, 14, 5, 13, 4, 13, 7, 13, 5, 15, 9, 18, 18, 13, 17, 8, 4, 4, 7, 4, 
 7, 8, 2, 0, 3, 5, 2, 1, 10, 6, 6, 2, 6, 18, 10, 13, 22, 8, 22, 5, 7, 13, 10, 11, 16, 14, 8, 15, 7, 5, 5, 12, 17, 5, 3, 8, 3]
 
 